Intercept: 
 [ 332564.09087774]
Coefficients: 
 [[ -2.02679662e+03  -1.52761214e+04  -1.92734016e+04  -1.97590813e+04
   -1.15195596e+04  -1.17375116e+04  -1.86743345e+04  -1.96248311e+04
   -1.80913793e+04  -1.07055319e+04  -1.54485830e+04  -9.49528682e+03
   -1.99905040e+04  -2.10441198e+04  -1.67786724e+04  -2.17435825e+04
   -1.68766429e+04  -2.09203236e+04  -1.96775280e+04  -1.84869953e+04
   -1.34192082e+04  -1.04974109e+04  -1.74823320e+04  -1.50575032e+04
   -1.83575614e+04  -1.65296992e+04  -1.62330974e+04  -1.89637560e+04
   -3.06055200e+03  -4.36173280e+03   1.56284821e+03   5.34477384e+03
    9.06181174e+02   4.08472708e+03   4.62066615e+02   1.34284376e+04
    4.87226129e+03   5.02164521e+03   7.02198891e+03   1.70173636e+04
    1.12597837e+04  -3.08608639e+02  -8.01841885e+03   8.01841885e+03
   -4.03893342e+03   3.79362066e+03  -1.59602912e+03   8.74284951e+03
    3.29569989e+04   1.90617382e+03   7.35082334e+03   5.29030812e+03
    9.24838175e+03  -6.87429556e+03   2.32853075e+04   5.10721083e+03
    6.90964265e+03   2.63532333e+03  -2.81090219e+04  -4.51764534e+04
    9.66859664e+03  -1.41440851e+03  -2.81064772e+03   3.67697098e+03
   -8.11963489e+03  -4.67534209e+03  -6.10842482e+03  -2.26486252e+04
    7.27894801e+03  -1.79507653e+04   7.75106254e+03   6.64576065e+03
   -8.88133477e+03  -5.33283986e+03  -4.28652057e+03  -1.24419308e+03
   -2.15282746e+04  -2.60719837e+04  -2.97192160e+04   4.33673553e+03
   -1.27538651e+03   7.75957450e+03   3.20437622e+04   7.91633450e+03
    6.57282603e+03  -2.07716459e+04   1.84164787e+04   1.68560109e+03
    2.28592933e+04  -1.45585045e+04   6.66064926e+03   3.25940329e+04
   -7.35884160e+03   2.25235208e+04   7.92207285e+03  -3.07367285e+03
    1.73050639e+04   1.16561090e+04   1.68182447e+04  -3.78416089e+04
    1.90118146e+03  -9.12408285e+03   4.54824453e+04   8.86225269e+03
    2.24233303e+03   5.57200320e+03  -2.46242151e+04   1.68198449e+03
    1.44281410e+04   1.32907959e+03  -4.22204215e+03   2.54026851e+04
   -3.12652333e+03   8.49619066e+03   7.43802666e+03  -2.35181238e+04
   -4.86102138e+03   1.46132996e+04  -2.73416136e+04  -3.19570063e+04
    1.35162298e+03  -2.89219315e-10   1.28657928e+04  -2.19025849e+04
    8.59698927e+03   1.02047966e+04  -6.17211987e+03   5.49525197e+03
    1.51170148e+04   7.97384406e+02   8.88222970e+03  -5.41041017e+03
   -1.26623045e+04   8.72403651e+03   3.56819849e+04   1.58210781e+04
   -8.82836483e+03  -1.01930911e+04   1.22178472e+04  -2.15424808e+03
    2.75311152e+04   1.36795690e+04  -9.66308327e+02  -3.44008651e+04
    2.03472262e+04   1.47858000e+04   2.04710147e+04  -8.95351717e+03
    1.08834088e+04  -9.06435958e+03  -6.63125684e+03  -2.40485021e+04
   -1.48765700e+04  -1.23366977e+04   5.67210860e+03   1.29637816e+04
    1.53141973e+04   1.47811080e+03  -1.24825491e+02  -4.44984103e+02
    1.01368496e+04  -1.11228824e+04  -1.25767070e+04  -3.75269832e+03
    1.14773628e+04   7.26639015e+03   7.55401609e+03  -1.51725525e+04
   -1.10958354e-10  -1.91647303e+03   7.81729185e+03   2.19813093e+03
    1.18074434e+04  -1.31105206e+04   1.37741106e+04  -3.48357418e+03
    1.47792889e-11   4.46958936e+03  -2.46451605e+04  -1.00932632e+04
    0.00000000e+00   4.45584337e+03   5.46147881e+03   1.45480960e+04
   -1.63521575e+04   1.60775543e+03   4.38257711e+02  -2.19632303e+04
   -3.24452426e+01  -3.80935272e+03   5.10704317e+03   7.40753763e+02
    1.80734758e+03  -5.75164321e+03  -4.61466767e+03  -5.94916396e+03
    6.58086632e+03   2.53669096e+04  -2.13964756e+04  -1.16898739e+03
    1.23434367e+04  -3.97988644e+04   1.04175412e+04   8.12226112e+03
    5.98263539e+03  -7.92584414e+03  -1.29950333e+04   1.30057125e+04
   -1.82298257e+04  -3.56656899e+04   0.00000000e+00  -1.51884721e+04
   -4.54747351e-12   2.01972683e+04  -4.31726779e+03   3.15422246e+03
   -6.08267315e+03   1.41204787e+03  -5.67728015e+03   1.36749350e+04
   -1.28639912e+04   4.68276229e+03  -2.14145067e+04   4.07007156e+03
    3.14284633e+03   6.97304801e+03  -9.06105701e+03   1.66891934e+04
   -3.85673065e+03   1.01283534e+04  -1.97900903e+03   5.34568951e+02
   -1.17177478e+04   2.22543929e+03  -8.53501386e+03  -7.73826371e+01
   -5.21616605e+03  -1.09936447e+04  -1.23635343e+04   1.08611936e+04
    7.39323116e+03   6.82121026e-13  -8.72023337e+03   4.53101071e+03
   -9.04872527e+03  -3.12652333e+03  -8.64237590e+03  -1.68574745e+04
    1.58982435e+04   1.10286316e+04   1.44630623e+04  -8.53501386e+03
   -1.82202861e+04  -1.18980877e+04   7.97384406e+02   1.18266365e+04
    8.46498302e+03   4.77007250e+03  -1.08591250e+04  -1.06036160e+03
   -1.21407134e+04   5.97326862e+03   1.51556644e+03  -5.82907013e+03
   -1.46502782e+03   1.50080675e+04  -4.88161739e+03  -8.84738751e+02
    2.22117623e+03  -4.12386025e+02   1.28657928e+04  -3.28473952e+02
    1.68198449e+03  -1.82129886e+02   1.90617382e+03  -8.95351717e+03
    1.16214378e+04  -6.91465905e+03   1.20374802e+04   3.04954875e+03
   -2.15424808e+03  -6.23011375e+03   3.14000257e+02  -1.17834279e+04
   -2.27414021e+03  -1.14866561e+04   1.09072586e+04   8.76939816e+03
    1.62770639e+03   5.13851732e+02  -7.75325329e+01  -2.56604639e-01
   -1.51589463e+00   4.67414607e+01   3.69007568e+02   2.35200885e+02
   -1.11391981e+03   2.77064250e+02   4.28395090e+03   7.95693494e+01
   -6.13687452e+00  -1.97131609e-03  -4.02574838e-01   2.66851332e-02
    4.34036492e-02   3.35325705e+03   1.76428721e+03  -3.42158744e+03
   -3.35325705e+03  -1.76428721e+03   3.42158744e+03   2.56406328e+03
   -8.95372000e+02   2.57021653e+03   2.69575862e+03   4.17220650e+00
    1.53253456e+03   4.70588767e+03  -1.54182009e+03   6.43287373e+02
   -4.48224366e+03  -4.87345201e+03  -4.95650993e+03  -4.51515406e+03
   -4.88477016e+03  -3.39616716e+03   2.44861577e+03  -1.21550608e+03
   -3.05813613e+02   3.05813613e+02   1.97294023e+01   3.82275087e-02
   -9.04086050e-02   3.64874979e+02  -3.64874979e+02   8.69199308e+01
   -8.69199290e+01  -1.04555637e+03   3.72247200e+02  -1.31125346e+03]]
Residual sum of squares, test data: 95985615.31
Residual sum of squares, training data: 58382424.72
Variance score, test data: 0.74
Variance score, training data: 0.82
