Intercept: 
 [ 51286.26132695]
Coefficients: 
 [[  1.03177917e+04   4.80258161e+02  -2.55216082e+03  -2.42947480e+03
    2.51350568e+03   3.20074124e+03  -2.39663248e+03  -2.23883298e+03
   -1.19334657e+03   1.56444487e+03   6.64428416e+02   2.40043700e+03
   -3.33873684e+03  -3.56062366e+03  -8.83974082e+02  -1.69812424e+03
   -7.08056315e+02  -4.76782465e+03  -3.43023995e+02  -1.57698500e+03
    3.41378976e+02   4.08230569e+03  -1.29679297e+03   8.07329604e+02
   -1.81557099e+03  -1.30027350e+02   5.82568645e-01  -2.97412075e+03
    1.50469487e+03   3.03920810e+02  -1.26734920e+03   1.47431324e+03
   -8.41792068e+02   1.46215943e+03  -1.90622729e+03   3.23975300e+03
    1.36155780e+03  -1.40433233e+03   4.26534686e+02   8.53417800e+03
    4.75755503e+03  -6.45499018e+03  -1.31856434e+02   1.31856434e+02
    9.38090100e+02   4.46725928e+02  -2.70201966e+02  -9.30876256e+02
    1.19454743e+03  -8.14117118e+00   3.69933502e+02  -1.12029538e+03
    7.27719614e+02  -7.27026458e+02   1.31826291e+03  -1.19034932e+03
   -1.32303988e+02   3.76663850e+02  -1.95122855e+03   6.47931054e+02
   -1.59534645e+03   3.97565283e+03  -2.53863620e+02   1.60674167e+03
   -4.43703836e+02  -1.73891492e+03  -2.50239889e+03  -6.00623907e+02
    2.92898564e+03  -4.49211750e+01   6.81232176e+02   3.40829791e+03
    9.22435708e+01  -7.88173244e+02   9.71992736e+02   4.95390590e+02
    3.02826819e+03  -7.44766046e+02  -2.71879256e+03  -1.15175905e+03
   -7.64528818e+02  -2.92420916e+02   4.98485533e+03   1.08734363e+03
   -3.14299412e+02   3.13731103e+02  -2.61267706e+02   1.77643575e+03
    1.78822762e+03  -2.90603290e+02  -5.83368026e+02   5.36876500e+03
   -4.33732333e+02   1.42523423e+03  -6.75030154e+02   5.20265050e+02
   -1.65358948e+02   2.08757974e+02   1.15098683e+03  -6.94081552e+03
   -6.92839434e+02  -2.97129552e+03   9.74602928e+02   1.72850472e+03
    5.22222147e+02  -2.75640722e+02  -6.16303625e+01  -1.75001569e+03
    7.45426161e+02   4.10627314e+01  -1.26229190e+03  -1.97264486e+03
    1.33625207e+03  -7.62927591e+02  -4.91245886e+02   3.70134534e+02
    3.37270060e+01   6.42059845e+02   1.35999017e+03   2.10828582e+03
    4.85804700e+02   0.00000000e+00   7.01634890e+02  -1.69701326e+03
    1.32036857e+03  -5.41597934e+02  -2.35430015e+03   1.88386909e+03
   -6.69840429e+02  -1.87002982e+02  -1.73903464e+03  -2.32079301e+01
   -8.30281969e+02  -6.73407236e+02   7.22250209e+02  -1.61857355e+03
   -1.37778538e+02   3.83379225e+02  -8.24584794e+02  -2.30913675e+01
    1.38526012e+03   1.18551559e+03  -1.30882143e+03   2.46582590e+03
    1.95459208e+03  -2.92640269e+03   5.09746234e+02  -1.83373633e+03
   -2.84025895e+03   5.66852493e+02  -8.29713825e+02   1.90585572e+03
   -1.18936327e+03   6.65604637e+01   1.78814278e+03  -1.51319855e+03
    1.26897687e+03   1.25992555e+03   1.20545579e+03   1.18204696e+03
    3.86740300e+02  -2.50039355e+03   5.42507477e+02  -1.32535418e+03
   -4.89217741e+02   2.14170822e+03  -7.01124471e+02  -7.49462009e+02
    0.00000000e+00  -2.62201270e+02  -8.57268560e+01   5.02923709e+02
   -2.02232359e+03  -7.45240545e+02   1.27222681e+03  -4.33865839e+02
    0.00000000e+00  -9.51783778e+02   9.06968768e+02  -1.48159765e+02
    0.00000000e+00  -1.98211148e+03   8.50890089e+02   1.54356566e+03
   -2.74365896e+03   3.39222384e+02   4.47707930e+02  -9.19450320e+02
   -6.98764207e+02  -8.39201920e+02  -9.70124925e+02   1.20613540e+03
    2.40860489e+03  -1.33322310e+01   8.33970338e+02  -8.22772033e+02
   -1.55813288e+03   4.61952372e+03  -3.41548942e+03   8.65071395e+02
    6.44917187e+02  -5.21830290e+02  -1.75013408e+03  -5.10844959e+02
    1.36783726e+03  -1.06881779e+03   1.53897165e+02   3.76910931e+03
   -1.35386500e+03  -1.13014299e+03   0.00000000e+00   9.62840836e+02
    0.00000000e+00   3.72350677e+03   4.76608141e+02  -9.40105345e+02
   -4.32492503e+01  -3.54654257e+02  -3.29279302e+03  -2.66697434e+03
    2.40724326e+03  -3.37267779e+03  -4.35311199e+03   1.07852616e+02
    2.70974202e+03   4.15985823e+03  -2.30038981e+03  -1.48795911e+03
    6.10557311e+02   2.69322020e+03   1.44420930e+03  -1.61155383e+02
   -4.08577664e+02   1.54963537e+03  -3.05339517e+03  -3.35472661e+03
   -2.23570612e+03   1.47968855e+03  -1.63963426e+03   8.13550507e+02
    1.36867527e+03   0.00000000e+00  -7.89828648e+02   3.42059283e+03
   -4.78787201e+02   1.33625207e+03  -6.39460663e+02  -2.13233492e+02
   -1.34637949e+03   9.26417736e+02   3.25298483e+03  -3.05339517e+03
   -5.95519313e+03  -1.89745110e+03  -1.87002982e+02  -6.22546165e+02
    2.01354496e+03   1.96325750e+03  -1.91901573e+03  -1.16160326e+03
    3.11640164e+03   1.31496911e+03   1.95305728e+03   4.88398825e+02
    3.20986997e+03   1.78396054e+02  -1.29432763e+03   1.23161737e+03
   -1.48929772e+03  -6.13535331e+02   7.01634890e+02   3.54202388e+02
   -1.75001569e+03  -1.17218215e+03  -8.14117118e+00  -1.83373633e+03
    1.64433689e+03   8.78338114e+02  -3.13501983e+02   3.37625822e+02
   -2.30913675e+01  -1.37962588e+03  -7.14916722e+02  -1.30750481e+03
    1.85073631e+03  -5.01049464e+02   2.81856218e+03  -1.74396509e+02
    1.81237271e+03   5.39925324e+02   5.18488025e+01  -1.79507733e+00
    7.67066403e+00   9.23918612e+00   4.33224089e+02   2.35644051e+02
    6.06465050e+01   1.37226776e+01  -1.79838122e+01   6.82932894e+00
   -1.87474540e+01   6.87925453e-05   2.33633655e-02  -2.32178461e-04
   -1.45594911e-01   2.10038677e+02  -2.63365200e+02  -1.88421968e+02
   -2.10038677e+02   2.63365200e+02   1.88421968e+02  -2.23745121e+02
    1.39807990e+02   2.19492326e+02   3.39233557e+02  -1.64355543e+02
   -5.63865747e+01  -6.41339526e+02   3.85627118e+02   1.88081745e+02
   -9.00997077e+01  -1.20482162e+02  -2.73785241e+02  -2.84216896e+02
   -6.76926335e+01  -9.46410131e+01   1.16836698e+02  -3.05914675e+02
   -6.42530584e+01   6.42530584e+01   1.66403351e+01   3.05084813e-04
   -7.02137958e-04   1.64757125e+02  -1.64757125e+02   1.92016827e+02
   -1.92016827e+02  -6.53417297e+02  -6.53458657e+02  -1.22331833e+02]]
Residual sum of squares, test data: 81590462.41
Residual sum of squares, training data: 65457224.27
Variance score, test data: 0.78
Variance score, training data: 0.80
