Intercept: 
 [ 97288.29326278]
Coefficients: 
 [[  1.04929309e+04  -1.34125801e+03  -5.12412224e+03  -5.43085475e+03
    1.90691782e+03   2.20314369e+03  -4.66368189e+03  -5.27140846e+03
   -3.83870436e+03   2.47664103e+03  -1.26683611e+03   2.97292111e+03
   -5.85625339e+03  -6.86010929e+03  -2.90285649e+03  -6.44463022e+03
   -2.71630391e+03  -7.06779634e+03  -3.02082530e+03  -4.30269880e+03
    2.32465527e+02   2.90966866e+03  -3.47707263e+03  -1.02206843e+03
   -4.19486159e+03  -2.46501599e+03  -2.01917100e+03  -5.06446753e+03
    2.17831330e+02  -1.06448033e+03  -6.18954134e+02   2.88485912e+03
   -1.04525927e+03   2.02234130e+03  -1.66909183e+03   9.37842733e+03
    2.69703154e+03   1.94824253e+03   4.06564152e+03   1.37413370e+04
    8.39255856e+03  -3.34814042e+03  -2.38419282e+03   2.38419299e+03
   -6.58998129e+02   1.70027957e+03  -8.28468973e+02  -9.58370461e+02
    5.89502757e+03   4.29884356e+02  -3.90418778e+01  -1.61441664e+03
    1.71741906e+03  -2.72796075e+03   1.40824724e+03  -2.41329762e+03
    1.38352368e+02   2.64901591e+03  -2.36152472e+03   3.16162888e+02
   -3.34909429e+03   4.58991212e+03  -1.45157785e+03   2.37229990e+03
   -2.28206726e+03  -3.85100352e+03  -4.54537072e+03  -3.71655443e+03
    5.79826927e+03  -4.69383052e+02   1.42023196e+03   4.27561629e+03
   -7.01762063e+02  -3.77577340e+02   1.75799228e+02   2.32491588e+03
    5.83556538e+03  -2.59279876e+03  -5.14582607e+03  -3.98372073e+03
   -2.48633226e+03  -2.39631444e+01   1.02567539e+04   2.27974796e+03
   -1.16631074e+03   6.20286785e+02   1.38411975e+03  -1.58167201e+03
    2.48992987e+03  -6.05085721e+03  -7.80118951e+02   1.11941513e+04
   -2.38973930e+03   4.83151447e+03  -2.55999570e+03   3.62641556e+03
   -3.00997252e+03   1.96548498e+03   4.80761567e+03  -1.54464343e+04
   -2.51587533e+03  -4.72750324e+03   7.19258463e+03   2.35752468e+03
    2.29605909e+03  -6.05427263e+02  -1.10682884e+03  -3.21022612e+03
    2.28224722e+03   2.56438283e+02  -2.68115923e+03  -3.78114821e+03
    8.15618894e+02  -1.99070239e+03  -1.00304807e+02  -5.98318750e+02
    1.58581477e+02  -3.73050573e+02   3.75042516e+03   3.22523398e+03
    3.37198141e+03  -6.05843346e-05   2.72882599e+03  -4.98903008e+03
    3.47893898e+03  -1.63788496e+03  -5.50148565e+03   3.72851056e+03
   -2.53037247e+03   1.62773029e+02  -5.30833731e+03  -7.88361383e+02
   -3.47162152e+03   6.12903903e+02   1.35189580e+03  -1.41823849e+03
    8.21419219e+02   2.47490514e+03  -1.45687941e+03   9.25090862e+02
    7.02707575e+03   5.26718295e+03  -5.82176059e+03   3.48568591e+03
    4.93394231e+03  -5.72966791e+02   1.72888415e+03  -3.39275376e+03
   -6.24657881e+03   3.60075408e+03  -2.85433902e+03   4.21079157e+03
   -4.46567278e+03  -4.38649796e+02   4.54810899e+03   8.18356328e+01
    5.26092456e+03   2.80450939e+03   3.99073002e+03   1.35836582e+03
    1.16753686e+03  -5.09673548e+03   1.04781278e+03  -3.28207428e+03
   -1.25639298e+03   3.85362213e+03   1.35287072e+02  -1.57701555e+03
    2.31435549e-04  -5.03210848e+02   3.23255757e+02   2.35150950e+03
   -3.90187426e+03  -2.91084178e+03   2.32122817e+03  -1.19314155e+03
   -2.68189692e-04  -2.48437824e+03   1.98506002e+02  -5.27807862e+02
    1.73490472e-04  -3.74531526e+03   3.20007490e+03   6.10926712e+03
   -4.55093099e+03   1.38341937e+03  -9.55727174e+02  -2.28749522e+03
   -2.86524510e+03  -2.15288279e+03  -1.97514123e+03   2.02828008e+02
    4.32766011e+03  -6.67991747e+02   1.41544815e+03  -2.91017834e+03
   -2.47307972e+03   1.07694038e+04  -6.78991794e+03  -2.90454283e+02
    3.52174773e+03  -8.32463786e+02  -2.62821051e+03  -2.81682196e+03
    4.36435450e+03  -3.73920330e+03  -2.61032203e+03   9.79505016e+03
   -4.65328845e+03  -3.77606506e+03  -1.47230747e-04   1.40478279e+03
   -1.44938407e-04   6.24351098e+03   2.18537186e+01  -2.21072027e+03
   -4.76311490e+02  -2.18093397e+03  -7.40089214e+03  -5.59587485e+03
    5.25014603e+03  -3.82132293e+03  -8.62957702e+03   4.00102397e+02
    7.67693113e+03   1.06536659e+04  -4.73727972e+03  -2.42547738e+03
    1.73839894e+03   4.61190676e+03   3.97692470e+03  -1.92481554e+03
   -2.26236098e+03   4.00283339e+03  -5.18178626e+03  -6.57671519e+03
   -4.24135580e+03   2.39852179e+03  -2.92112834e+03   4.26288390e+02
    3.80402235e+03   8.21124244e-05  -3.93762422e+03   9.80025272e+03
   -5.22571601e+02   8.15618966e+02  -3.40508485e+03  -1.37843758e+03
   -1.86679376e+03  -2.23518083e+02   4.33129997e+03  -5.18178637e+03
   -8.76287373e+03  -2.69544477e+03   1.62772846e+02   7.71095590e+02
    3.26718634e+03   3.30674380e+03  -2.00343476e+03  -5.43572992e+02
    5.52676604e+03   1.14994032e+03   4.30696276e+03  -1.00661401e+03
    4.40705635e+03   1.62569877e+03  -4.37606978e+02   2.32906116e+03
   -2.42290151e+02  -8.84252266e+02   2.72882616e+03   1.64359462e+03
   -3.21022620e+03  -1.70758341e+03   4.29884292e+02  -3.39275376e+03
    3.92588887e+03   1.07910229e+03  -1.03050370e+03   1.13619023e+03
    9.25090974e+02  -5.00131901e+03  -7.14273354e+02  -2.31176465e+03
    1.36215906e+03  -3.74901695e+03   3.80795585e+03   7.10255616e+02
    1.70855705e+03   5.15890761e+02  -4.24231186e+01  -1.28990206e+00
    1.18713737e-01   2.02955774e+01   3.97945555e+02   2.43851105e+02
    2.19865269e+02  -3.70614386e+00   1.26922409e+02   8.67514162e+00
   -4.24646247e+01   1.41024113e-04  -5.12036104e-02  -1.70267559e-04
   -3.95520402e-01   4.88432293e+02   9.16856189e+01  -8.13853258e+02
   -4.88432411e+02  -9.16852450e+01   8.13853424e+02  -6.74309662e+02
    1.24298498e+02   8.36636312e+02   4.44319905e+02   3.04565078e+01
   -3.66657271e+02  -6.72169641e+02   7.65256609e+01   6.75158054e+02
   -6.29318638e+02  -7.06210052e+02  -8.40068164e+02  -8.17878065e+02
   -5.98504460e+02  -7.98117147e+02   2.53727943e+02  -1.43772561e+02
   -1.18669030e+02   1.18668931e+02   3.33361794e+01   1.92882793e-02
   -1.91683126e-02   2.53993489e+02  -2.53993583e+02   1.43532119e+02
   -1.43532222e+02  -6.81745326e+02  -1.06336424e+03  -2.98620333e+02]]
Residual sum of squares, test data: 83696920.77
Residual sum of squares, training data: 59909889.69
Variance score, test data: 0.78
Variance score, training data: 0.81