Intercept: 
 [ 46620.12853431]
Coefficients: 
 [[  1.00528951e+04   5.04959089e+02  -2.38763093e+03  -2.19941710e+03
    2.36109328e+03   3.04151115e+03  -2.29788294e+03  -2.00138864e+03
   -1.04936974e+03   1.37432385e+03   6.89478381e+02   2.13790191e+03
   -3.17133792e+03  -3.24952168e+03  -8.08001544e+02  -1.41507418e+03
   -6.29778863e+02  -4.63219409e+03  -2.74133897e+02  -1.40300728e+03
    2.98189544e+02   3.99645848e+03  -1.19227985e+03   8.30962088e+02
   -1.69474567e+03  -5.09990664e+01   4.36131342e+01  -2.87304187e+03
    1.43350937e+03   2.50711071e+02  -1.25316740e+03   1.39841538e+03
   -7.22114569e+02   1.47163988e+03  -1.81625297e+03   2.73462307e+03
    1.23644186e+03  -1.47762097e+03   2.64411087e+02   7.98183716e+03
    4.57614552e+03  -6.48469478e+03  -3.41929745e+01   3.41929745e+01
    9.90153365e+02   3.16446334e+02  -2.13684755e+02  -8.21395676e+02
    9.76621044e+02  -3.93494773e+01   3.56399054e+02  -1.06435538e+03
    6.33242943e+02  -5.98168766e+02   1.21175159e+03  -1.04400617e+03
   -1.10808417e+02   2.95631942e+02  -1.79369710e+03   5.79630237e+02
   -1.41087325e+03   3.72691448e+03  -1.96192528e+02   1.45330042e+03
   -3.34943647e+02  -1.53125404e+03  -2.16658600e+03  -5.13120147e+02
    2.57733875e+03  -3.18630270e+01   5.65484780e+02   3.15789275e+03
    1.58550394e+02  -7.83597515e+02   9.12020269e+02   3.71721518e+02
    2.69572256e+03  -6.70109193e+02  -2.47995699e+03  -9.42823010e+02
   -6.38251920e+02  -3.26024721e+02   4.45250914e+03   9.70388845e+02
   -2.73179444e+02   2.36001259e+02  -2.47178192e+02   1.75469473e+03
    1.54824650e+03  -8.76353796e+01  -5.14355696e+02   4.77993797e+03
   -3.41765387e+02   1.22374163e+03  -5.73356948e+02   4.12096927e+02
   -4.20682188e+01   1.51680039e+02   9.16547448e+02  -6.07807486e+03
   -5.73107658e+02  -2.75521221e+03   7.13480417e+02   1.59144095e+03
    4.46787293e+02  -2.32401032e+02  -2.68753607e+01  -1.61687379e+03
    6.28652343e+02   1.30692743e+01  -1.07105035e+03  -1.79403095e+03
    1.25991481e+03  -6.77648252e+02  -4.34541461e+02   3.56580566e+02
    1.41231708e+01   6.83691775e+02   1.15847561e+03   1.89961875e+03
    3.81155955e+02   0.00000000e+00   5.86051457e+02  -1.43643733e+03
    1.12457037e+03  -4.34291863e+02  -2.05607915e+03   1.64761069e+03
   -5.41315889e+02  -1.86549428e+02  -1.45600327e+03  -1.24878017e+01
   -6.77150920e+02  -6.60080022e+02   6.62710109e+02  -1.45750706e+03
   -1.58754141e+02   2.99571109e+02  -6.95918110e+02  -9.96872189e+01
    1.11665421e+03   9.67798562e+02  -1.07325593e+03   2.20151165e+03
    1.71061521e+03  -2.84867677e+03   4.03535213e+02  -1.66353878e+03
   -2.45867039e+03   4.34152175e+02  -6.86259535e+02   1.66248949e+03
   -9.89055598e+02   7.58150817e+01   1.56192762e+03  -1.37351679e+03
    1.06120269e+03   1.06198274e+03   1.00913296e+03   1.06007518e+03
    3.20498885e+02  -2.18440039e+03   4.45163735e+02  -1.12706132e+03
   -4.87105566e+02   1.93309141e+03  -7.05037736e+02  -6.40590402e+02
    0.00000000e+00  -2.05530753e+02  -3.21458281e+01   4.42758842e+02
   -1.78936021e+03  -6.07899647e+02   1.14117158e+03  -3.25737790e+02
    0.00000000e+00  -7.90524123e+02   8.67590976e+02  -1.54848974e+02
    0.00000000e+00  -1.75841310e+03   6.87081070e+02   1.26432441e+03
   -2.49462439e+03   2.83474096e+02   4.61696867e+02  -8.30420366e+02
   -6.01141910e+02  -7.11650501e+02  -8.49943592e+02   1.13071965e+03
    2.15526924e+03   2.39572386e+01   8.00465618e+02  -7.23650308e+02
   -1.42552718e+03   4.08367345e+03  -3.01268568e+03   8.36922894e+02
    4.97750673e+02  -4.80204730e+02  -1.56948288e+03  -3.92106844e+02
    1.17318359e+03  -9.08208730e+02   1.89736943e+02   3.40992626e+03
   -1.12074330e+03  -9.40179760e+02   0.00000000e+00   8.52296926e+02
    0.00000000e+00   3.40255586e+03   4.60314372e+02  -8.02701780e+02
   -1.51200796e+01  -2.61261779e+02  -2.95638475e+03  -2.30309123e+03
    2.09963480e+03  -3.27940482e+03  -3.88285979e+03   8.20318543e+01
    2.31078067e+03   3.55836525e+03  -2.01881818e+03  -1.38819929e+03
    5.27783001e+02   2.44475778e+03   1.24897192e+03  -8.03049269e+01
   -3.25524813e+02   1.37208495e+03  -2.77434113e+03  -3.00598450e+03
   -1.99368077e+03   1.26616301e+03  -1.50927146e+03   7.72803899e+02
    1.17665713e+03   0.00000000e+00  -6.29708935e+02   2.90066394e+03
   -4.25250292e+02   1.25991481e+03  -3.98979138e+02  -1.57775129e+02
   -1.29204427e+03   9.15079625e+02   3.11570949e+03  -2.77434113e+03
   -5.63728486e+03  -1.79638886e+03  -1.86549428e+02  -6.59657539e+02
    1.85893339e+03   1.83094369e+03  -1.86840400e+03  -1.13029472e+03
    2.84165161e+03   1.27574816e+03   1.72359035e+03   4.94557430e+02
    3.02153763e+03   8.40956120e+01  -1.23708909e+03   1.12598417e+03
   -1.48863525e+03  -6.19955394e+02   5.86051457e+02   2.75268816e+02
   -1.61687379e+03  -1.02185110e+03  -3.93494773e+01  -1.66353878e+03
    1.47291727e+03   8.25981840e+02  -2.79352117e+02   2.60099019e+02
   -9.96872189e+01  -1.14111361e+03  -6.44665017e+02  -1.20088471e+03
    1.85978775e+03  -3.31087377e+02   2.67176744e+03  -2.13817554e+02
    1.83096650e+03   5.44121549e+02   6.41198700e+01  -1.90377613e+00
    8.40141129e+00   6.45313449e+00   4.39872929e+02   2.33586642e+02
    5.22349594e+01   1.06711031e+01  -2.70287484e+01   6.84316601e+00
   -1.75381184e+01   5.88396147e-05   2.80221908e-02  -5.37280454e-04
   -1.27075160e-01   2.03546510e+02  -2.75792542e+02  -1.60891440e+02
   -2.03546510e+02   2.75792542e+02   1.60891440e+02  -1.91727225e+02
    1.48090892e+02   1.82442953e+02   3.40749361e+02  -1.77694704e+02
   -2.85040922e+01  -6.34245964e+02   4.14599599e+02   1.51153315e+02
   -3.60742540e+01  -6.42611934e+01  -2.19980378e+02  -2.30829442e+02
   -9.73833407e+00  -3.21339750e+01   9.95369544e+01  -2.92424053e+02
   -6.02993671e+01   6.02993671e+01   1.54009595e+01  -7.14918101e-04
    8.76542963e-04   1.55328862e+02  -1.55328862e+02   1.94013699e+02
   -1.94013699e+02  -6.50516378e+02  -6.34804274e+02  -1.22383185e+02]]
Residual sum of squares, test data: 81981877.97
Residual sum of squares, training data: 66466296.52
Variance score, test data: 0.78
Variance score, training data: 0.79
